//IFPANEL 1
///NAME GR_ST/FT,GR_ST/FT
1A,1,11,6,0,Gr_Gehäus1,IP      WP,,0,1,1,11891,0,1,11891,0,1,11890,0,Gr_Gehäus1,GS      ZS,,0
1B,1,6,6,0,IP,12Z07,1220B20211,0,0,1,22081,0,0,0,0,0,0,0,GS,12Z07,1220B20211,0
1C,1,6,6,0,WP,12Z07,1220B20210,0,0,1,22080,0,0,0,0,0,0,0,ZS,12Z07,1220B20210,0
1D,0,0,0,0,,,,0,0,0,0,0,0,0,0,0,0,0,,,,0
1E,1,11,10,0,Gr_Gehäus2,IP      WP,,0,1,1,11893,0,1,11893,0,1,11892,0,Gr_Gehäus2,GS      ZS,,0
1F,1,6,10,0,IP,12Z08,1220B20201,0,0,1,22083,0,0,0,0,0,0,0,GS,12Z08,1220B20201,0
1G,1,6,10,0,WP,12Z08,1220B20200,0,0,1,22082,0,0,0,0,0,0,0,ZS,12Z08,1220B20200,0
1H,0,0,0,0,,,,0,0,0,0,0,0,0,0,0,0,0,,,,0
2A,1,11,12,0,GrHub_Ge_1,IP      WP,,0,1,1,11895,0,1,11895,0,1,11894,0,GrHub_Ge_1,GS      AS,,0
2B,1,6,12,0,IP,12Z05,1222B2062,0,0,1,22085,0,0,0,0,0,0,0,GS,12Z05,1222B2062,0
2C,1,6,12,0,WP,12Z05,1222B2063,0,0,1,22084,0,0,0,0,0,0,0,AS,12Z05,1222B2063,0
2D,0,0,0,0,,,,0,0,0,0,0,0,0,0,0,0,0,,,,0
2E,1,11,16,0,GrHub_Ge_2,IP      WP,,0,1,1,11897,0,1,11897,0,1,11896,0,GrHub_Ge_2,GS      AS,,0
2F,1,6,16,0,IP,12Z06,1222B2065,0,0,1,22087,0,0,0,0,0,0,0,GS,12Z06,1222B2065,0
2G,1,6,16,0,WP,12Z06,1222B2064,0,0,1,22086,0,0,0,0,0,0,0,AS,12Z06,1222B2064,0
2H,0,0,0,0,,,,0,0,0,0,0,0,0,0,0,0,0,,,,0
3A,1,11,14,0,HubStator,IP      WP,,0,1,1,11903,0,1,11903,0,1,11902,0,HubStator,GS      AS,,0
3B,1,6,14,0,IP,12Z10a,1222B2072,0,0,1,22096,0,0,0,0,0,0,0,GS,12Z10a,1222B2072,0
3C,1,6,14,0,WP,12Z10a,1222B2071,0,0,1,22095,0,0,0,0,0,0,0,AS,12Z10a,1222B2071,0
3D,1,6,14,0,IP,12Z10b,1222B2074,0,0,1,22097,0,0,0,0,0,0,0,GS,12Z10b,1222B2074,0
3E,1,6,14,0,WP,12Z10b,1222B2073,0,0,1,22096,0,0,0,0,0,0,0,AS,12Z10b,1222B2073,0
3F,1,6,13,0,Stator1_da,,1222S2075,0,0,1,22106,0,0,0,0,0,0,0,Stator1_da,,1222S2075,0
3G,1,6,13,0,Stator2_da,,1222S2076,0,0,1,22107,0,0,0,0,0,0,0,Stator2_da,,1222S2076,0
3H,0,0,0,0,,,,0,0,0,0,0,0,0,0,0,0,0,,,,0
4A,0,0,0,0,,,,0,0,0,0,0,0,0,0,0,0,0,,,,0
4B,0,0,0,0,,,,0,0,0,0,0,0,0,0,0,0,0,,,,0
4C,0,0,0,0,,,,0,0,0,0,0,0,0,0,0,0,0,,,,0
4D,0,0,0,0,,,,0,0,0,0,0,0,0,0,0,0,0,,,,0
4E,0,0,0,0,,,,0,0,0,0,0,0,0,0,0,0,0,,,,0
4F,0,0,0,0,,,,0,0,0,0,0,0,0,0,0,0,0,,,,0
4G,0,0,0,0,,,,0,0,0,0,0,0,0,0,0,0,0,,,,0
4H,0,0,0,0,,,,0,0,0,0,0,0,0,0,0,0,0,,,,0
//IFPANEL 2
///NAME GR_ET,GR_ET
1A,1,11,14,0,Stanzgr_1a,IP      WP,,0,1,1,11907,0,1,11907,0,1,11906,0,Stanzgr_1a,GS      AS,,0
1B,1,11,14,0,Stanzgr_2b,IP      WP,,0,1,1,11911,0,1,11911,0,1,11910,0,Stanzgr_2b,GS      AS,,0
1C,1,6,14,0,IP,12Z12a,1224B20801,0,0,1,22101,0,0,0,0,0,0,0,GS,12Z12a,1224B20801,0
1D,1,6,14,0,WP,12Z12a,1224B20800,0,0,1,22100,0,0,0,0,0,0,0,AS,12Z12a,1224B20800,0
1E,1,6,14,0,IP,12Z12b,1224B21001,0,0,1,22103,0,0,0,0,0,0,0,GS,12Z12b,1224B21001,0
1F,1,6,14,0,WP,12Z12b,1224B21000,0,0,1,22102,0,0,0,0,0,0,0,AS,12Z12b,1224B21000,0
1G,1,6,13,0,Stanzk1_da,,1224B2084,0,0,1,22104,0,0,0,0,0,0,0,Stanzk1_da,,1224B2084,0
1H,1,6,13,0,Stanzk2_da,,1224B2104,0,0,1,22105,0,0,0,0,0,0,0,Stanzk2_da,,1224B2104,0
2A,1,11,12,0,HubBuchse,IP      WP,,0,1,1,11905,0,1,11905,0,1,11904,0,HubBuchse,GS      AS,,0
2B,1,6,12,0,IP,12Z11a,1224B2083,0,0,1,22121,0,0,0,0,0,0,0,GS,12Z11a,1224B2083,0
2C,1,6,12,0,WP,12Z11a,1224B2081,0,0,1,22120,0,0,0,0,0,0,0,AS,12Z11a,1224B2081,0
2D,1,6,12,0,IP,12Z11b,1224B2103,0,0,1,22123,0,0,0,0,0,0,0,GS,12Z11b,1224B2103,0
2E,1,6,12,0,WP,12Z11b,1224B2101,0,0,1,22122,0,0,0,0,0,0,0,AS,12Z11b,1224B2101,0
2F,0,0,0,0,,,,0,0,0,0,0,0,0,0,0,0,0,,,,0
2G,0,0,0,0,,,,0,0,0,0,0,0,0,0,0,0,0,,,,0
2H,0,0,0,0,,,,0,0,0,0,0,0,0,0,0,0,0,,,,0
3A,0,0,0,0,,,,0,0,0,0,0,0,0,0,0,0,0,,,,0
3B,1,6,13,0,Buchse1_da,Nest_1,1224B2085,0,0,1,22110,0,0,0,0,0,0,0,Buchse1_da,Nest_1,1224B2085,0
3C,1,6,13,0,Buchse2_da,Nest_1,1224B2086,0,0,1,22111,0,0,0,0,0,0,0,Buchse2_da,Nest_1,1224B2086,0
3D,1,6,13,0,Buchse3_da,Nest_1,1224B2087,0,0,1,22112,0,0,0,0,0,0,0,Buchse3_da,Nest_1,1224B2087,0
3E,0,0,0,0,,,,0,0,0,0,0,0,0,0,0,0,0,,,,0
3F,1,6,13,0,Buchse1_da,Nest_2,1224B2105,0,0,1,22113,0,0,0,0,0,0,0,Buchse1_da,Nest_2,1224B2105,0
3G,1,6,13,0,Buchse2_da,Nest_2,1224B2106,0,0,1,22114,0,0,0,0,0,0,0,Buchse2_da,Nest_2,1224B2106,0
3H,1,6,13,0,Buchse3_da,Nest_2,1224B2107,0,0,1,22115,0,0,0,0,0,0,0,Buchse3_da,Nest_2,1224B2107,0
4A,1,11,9,0,AbstützHub,IP      WP,,0,1,1,11901,0,1,11901,0,1,11900,0,AbstützHub,GS      AS,,0
4B,1,6,9,0,IP,12Z09a+b,1222B2070,0,0,1,22092,0,0,0,0,0,0,0,GS,12Z09a+b,1222B2070,0
4C,1,6,9,0,WP,12Z09a,1222B2066,0,0,1,22090,0,0,0,0,0,0,0,AS,12Z09a,1222B2066,0
4D,1,6,9,0,WP,12Z09b,1222B2067,0,0,1,22091,0,0,0,0,0,0,0,AS,12Z09b,1222B2067,0
4E,0,0,0,0,,,,0,0,0,0,0,0,0,0,0,0,0,,,,0
4F,0,0,0,0,,,,0,0,0,0,0,0,0,0,0,0,0,,,,0
4G,0,0,0,0,,,,0,0,0,0,0,0,0,0,0,0,0,,,,0
4H,0,0,0,0,,,,0,0,0,0,0,0,0,0,0,0,0,,,,0
//IFPANEL 3
///NAME GENERAL,ALLGEMEIN
1A,1,6,2,0,P L C,MOTORS ON,-START-,0,0,1,21921,0,0,0,0,0,0,0,S P S,SERVO EIN,-START-,0
1B,0,0,0,0,,,,0,0,0,0,0,0,0,0,0,0,0,,,,0
1C,1,6,9,0,P L C,AUTOMATIC,-RUN-,0,0,1,22170,0,0,0,0,0,0,0,S P S,AUTOMATIK,-AKTIV-,0
1D,0,0,0,0,,,,0,0,0,0,0,0,0,0,0,0,0,,,,0
1E,1,6,11,0,R O B,ROBOTER,-RUN-,0,0,1,11970,0,0,0,0,0,0,0,R O B,SYSTEM,-AKTIV-,0
1F,0,0,0,0,,,,0,0,0,0,0,0,0,0,0,0,0,,,,0
1G,1,17,7,0,P L C,PROGRAM,CODE,0,0,4,99,0,0,0,0,0,0,0,S P S,PROGRAMM,ANWAHL,0
1H,1,16,7,0,R O B,PROGRAM,MEMORY,0,0,2,10,0,0,0,0,0,0,0,R O B,PROGRAMM,MERKER,0
2A,1,6,4,0,P L C,COMMAND,-STOP-,0,0,1,22161,0,0,0,0,0,0,0,S P S,VORGABE,-STOPP-,0
2B,0,0,0,0,,,,0,0,0,0,0,0,0,0,0,0,0,,,,0
2C,1,6,9,0,,COMPR AIR,-OK-,0,0,1,22172,0,0,0,0,0,0,0,,DRUCKLUFT,-OK-,0
2D,0,0,0,0,,,,0,0,0,0,0,0,0,0,0,0,0,,,,0
2E,1,6,11,0,R O B,READY TO,START,0,0,1,30840,0,0,0,0,0,0,0,R O B,IN HOME,REFERENZ,0
2F,0,0,0,0,,,,0,0,0,0,0,0,0,0,0,0,0,,,,0
2G,0,10,0,0,,,,0,1,1,11273,0,1,11273,0,0,0,0,ABWURF KLT,        ON,,0
2H,1,19,0,0,,,,0,0,3,5,0,3,5,0,0,0,0,,#PosVar,I005,0
3A,1,6,7,0,P L C,COMMAND,-HOME-,0,0,1,22162,0,0,0,0,0,0,0,S P S,VORGABE,-HOME-,0
3B,0,0,0,0,,,,0,0,0,0,0,0,0,0,0,0,0,,,,0
3C,1,6,9,0,P L C,COMMAND,-SERVICE-,0,0,1,22176,0,0,0,0,0,0,0,S P S,VORGABE,-WARTUNG-,0
3D,1,6,16,0,R O B,SERVICE,POSITION,0,0,1,32176,0,0,0,0,0,0,0,R O B,WARTUNGS,POSITION,0
3E,0,0,0,0,,,,0,0,0,0,0,0,0,0,0,0,0,,,,0
3F,1,6,12,0,REQUEST,MOVEMENT,RELEASE,0,0,1,32161,0,0,0,0,0,0,0,ANFORDERG,BEWEGUNG,FREIGABE,0
3G,0,16,0,0,,,,0,0,0,0,0,0,0,0,0,0,0,,,,0
3H,0,0,0,0,,,,0,0,0,0,0,0,0,0,0,0,0,,,,0
4A,0,16,0,0,,,,0,0,0,0,0,0,0,0,0,0,0,,,,0
4B,0,0,0,0,,,,0,0,0,0,0,0,0,0,0,0,0,,,,0
4C,1,6,9,0,COMMAND,CELL,ACCESS,0,0,1,22177,0,0,0,0,0,0,0,ANWAHL,ZUTRITT,ZELLE,0
4D,1,6,16,0,PERMISSION,CELL,ACCESS,0,0,1,32177,0,0,0,0,0,0,0,FREIGABE,ZUTRITT,ZELLE,0
4E,1,6,7,0,P L C,WATCHDOG,,0,0,1,22171,0,0,0,0,0,0,0,S P S,WATCHDOG,,0
4F,1,6,8,0,R O B,WATCHDOG,,0,0,1,32171,0,0,0,0,0,0,0,R O B,WATCHDOG,,0
4G,0,0,0,0,,,,0,0,0,0,0,0,0,0,0,0,0,,,,0
4H,0,0,0,0,,,,0,0,0,0,0,0,0,0,0,0,0,,,,0
//IFPANEL 4
///NAME HEIZST,HEIZST
1A,1,6,10,0,R O B,HEIZST,READY,0,0,1,12060,0,0,0,0,0,0,0,R O B,HEIZST,READY,0
1B,1,6,6,0,R O B,HEIZST,BUSY,0,0,1,12061,0,0,0,0,0,0,0,R O B,HEIZST,BUSY,0
1C,1,6,16,0,R O B,Part,transfer,0,0,1,12062,0,0,0,0,0,0,0,,Teil(e),übergeben,0
1D,1,6,2,0,R O B,HEIZST,AREA FREE,0,0,1,12063,0,0,0,0,0,0,0,R O B,HEIZST,PF,0
1E,0,0,0,0,,,,0,0,0,0,0,0,0,0,0,0,0,,,,0
1F,0,0,0,0,,,,0,0,0,0,0,0,0,0,0,0,0,,,,0
1G,0,0,0,0,,,,0,0,0,0,0,0,0,0,0,0,0,,,,0
1H,0,0,0,0,,,,0,0,0,0,0,0,0,0,0,0,0,,,,0
2A,0,0,0,0,,,,0,0,0,0,0,0,0,0,0,0,0,,,,0
2B,0,0,0,0,,,,0,0,0,0,0,0,0,0,0,0,0,,,,0
2C,0,0,0,0,,,,0,0,0,0,0,0,0,0,0,0,0,,,,0
2D,0,0,0,0,,,,0,0,0,0,0,0,0,0,0,0,0,,,,0
2E,0,0,0,0,,,,0,0,0,0,0,0,0,0,0,0,0,,,,0
2F,0,0,0,0,,,,0,0,0,0,0,0,0,0,0,0,0,,,,0
2G,1,10,0,0,,,,0,1,1,12541,0,1,12541,0,1,0,0,TEACHEN,AUS    EIN,,0
2H,1,19,0,0,,,,0,0,3,5,0,3,5,0,0,0,0,,#PosVar,I005,0
3A,1,6,10,0,P L C,HEIZST,READY,0,0,1,22250,0,0,0,0,0,0,0,S P S,HEIZST,READY,0
3B,1,6,6,0,P L C,HEIZST,BUSY,0,0,1,22251,0,0,0,0,0,0,0,S P S,HEIZST,BUSY,0
3C,1,6,16,0,P L C,Part,transfer,0,0,1,22252,0,0,0,0,0,0,0,,Teil(e),übergeben,0
3D,1,6,2,0,P L C,HEIZST,AREA FREE,0,0,1,22253,0,0,0,0,0,0,0,S P S,HEIZST,PF,0
3E,0,0,0,0,,,,0,0,0,0,0,0,0,0,0,0,0,,,,0
3F,0,0,0,0,,,,0,0,0,0,0,0,0,0,0,0,0,,,,0
3G,0,0,0,0,,,,0,0,0,0,0,0,0,0,0,0,0,,,,0
3H,0,0,0,0,,,,0,0,0,0,0,0,0,0,0,0,0,,,,0
4A,0,0,0,0,,,,0,0,0,0,0,0,0,0,0,0,0,,,,0
4B,0,0,0,0,,,,0,0,0,0,0,0,0,0,0,0,0,,,,0
4C,0,0,0,0,,,,0,0,0,0,0,0,0,0,0,0,0,,,,0
4D,0,0,0,0,,,,0,0,0,0,0,0,0,0,0,0,0,,,,0
4E,0,0,0,0,,,,0,0,0,0,0,0,0,0,0,0,0,,,,0
4F,0,0,0,0,,,,0,0,0,0,0,0,0,0,0,0,0,,,,0
4G,0,0,0,0,,,,0,0,0,0,0,0,0,0,0,0,0,,,,0
4H,0,0,0,0,,,,0,0,0,0,0,0,0,0,0,0,0,,,,0
//IFPANEL 5
///NAME KÜHLST_PL,KÜHLST_PL
1A,1,6,10,0,R O B,KÜHLST_PL,READY,0,0,1,11990,0,0,0,0,0,0,0,R O B,KÜHLST_PL,READY,0
1B,1,6,6,0,R O B,KÜHLST_PL,BUSY,0,0,1,11991,0,0,0,0,0,0,0,R O B,KÜHLST_PL,BUSY,0
1C,1,6,16,0,R O B,Part,transfer,0,0,1,11992,0,0,0,0,0,0,0,,Teil(e),übergeben,0
1D,1,6,2,0,R O B,KÜHLST_PL,AREA FREE,0,0,1,11993,0,0,0,0,0,0,0,R O B,KÜHLST_PL,PF,0
1E,0,0,0,0,,,,0,0,0,0,0,0,0,0,0,0,0,,,,0
1F,0,0,0,0,,,,0,0,0,0,0,0,0,0,0,0,0,,,,0
1G,1,6,5,0,R O B,Teil_1,transfer,0,0,1,11994,0,0,0,0,0,0,0,R O B,Teil_1,übergeben,0
1H,1,6,5,0,R O B,Teil_2,transfer,0,0,1,11995,0,0,0,0,0,0,0,R O B,Teil_2,übergeben,0
2A,0,0,0,0,,,,0,0,0,0,0,0,0,0,0,0,0,,,,0
2B,0,0,0,0,,,,0,0,0,0,0,0,0,0,0,0,0,,,,0
2C,0,0,0,0,,,,0,0,0,0,0,0,0,0,0,0,0,,,,0
2D,0,0,0,0,,,,0,0,0,0,0,0,0,0,0,0,0,,,,0
2E,0,0,0,0,,,,0,0,0,0,0,0,0,0,0,0,0,,,,0
2F,0,0,0,0,,,,0,0,0,0,0,0,0,0,0,0,0,,,,0
2G,1,10,0,0,,,,0,1,1,12540,0,1,12540,0,1,0,0,TEACHEN,AUS    EIN,,0
2H,1,19,0,0,,,,0,0,3,5,0,3,5,0,0,0,0,,#PosVar,I005,0
3A,1,6,10,0,P L C,KÜHLST_PL,READY,0,0,1,22180,0,0,0,0,0,0,0,S P S,KÜHLST_PL,READY,0
3B,1,6,6,0,P L C,KÜHLST_PL,BUSY,0,0,1,22181,0,0,0,0,0,0,0,S P S,KÜHLST_PL,BUSY,0
3C,1,6,16,0,P L C,Part,transfer,0,0,1,22182,0,0,0,0,0,0,0,,Teil(e),übergeben,0
3D,1,6,2,0,P L C,KÜHLST_PL,AREA FREE,0,0,1,22183,0,0,0,0,0,0,0,S P S,KÜHLST_PL,PF,0
3E,0,0,0,0,,,,0,0,0,0,0,0,0,0,0,0,0,,,,0
3F,0,0,0,0,,,,0,0,0,0,0,0,0,0,0,0,0,,,,0
3G,1,6,5,0,P L C,Teil_1,transfer,0,0,1,22184,0,0,0,0,0,0,0,S P S,Teil_1,übergeben,0
3H,1,6,5,0,P L C,Teil_2,transfer,0,0,1,22185,0,0,0,0,0,0,0,S P S,Teil_2,übergeben,0
4A,0,0,0,0,,,,0,0,0,0,0,0,0,0,0,0,0,,,,0
4B,0,0,0,0,,,,0,0,0,0,0,0,0,0,0,0,0,,,,0
4C,0,0,0,0,,,,0,0,0,0,0,0,0,0,0,0,0,,,,0
4D,0,0,0,0,,,,0,0,0,0,0,0,0,0,0,0,0,,,,0
4E,0,0,0,0,,,,0,0,0,0,0,0,0,0,0,0,0,,,,0
4F,0,0,0,0,,,,0,0,0,0,0,0,0,0,0,0,0,,,,0
4G,0,0,0,0,,,,0,0,0,0,0,0,0,0,0,0,0,,,,0
4H,0,0,0,0,,,,0,0,0,0,0,0,0,0,0,0,0,,,,0
//IFPANEL 6
///NAME KÜHLST_Pi,KÜHLST_Pi
1A,1,6,10,0,R O B,KÜHLST,READY,0,0,1,12000,0,0,0,0,0,0,0,R O B,KÜHLST,READY,0
1B,1,6,6,0,R O B,KÜHLST,BUSY,0,0,1,12001,0,0,0,0,0,0,0,R O B,KÜHLST,BUSY,0
1C,1,6,16,0,R O B,Part,transfer,0,0,1,12002,0,0,0,0,0,0,0,,Teil(e),übergeben,0
1D,1,6,2,0,R O B,KÜHLST,AREA FREE,0,0,1,12003,0,0,0,0,0,0,0,R O B,KÜHLST,PF,0
1E,0,0,0,0,,,,0,0,0,0,0,0,0,0,0,0,0,,,,0
1F,0,0,0,0,,,,0,0,0,0,0,0,0,0,0,0,0,,,,0
1G,0,0,0,0,,,,0,0,0,0,0,0,0,0,0,0,0,,,,0
1H,0,0,0,0,,,,0,0,0,0,0,0,0,0,0,0,0,,,,0
2A,0,0,0,0,,,,0,0,0,0,0,0,0,0,0,0,0,,,,0
2B,0,0,0,0,,,,0,0,0,0,0,0,0,0,0,0,0,,,,0
2C,0,0,0,0,,,,0,0,0,0,0,0,0,0,0,0,0,,,,0
2D,0,0,0,0,,,,0,0,0,0,0,0,0,0,0,0,0,,,,0
2E,0,0,0,0,,,,0,0,0,0,0,0,0,0,0,0,0,,,,0
2F,0,0,0,0,,,,0,0,0,0,0,0,0,0,0,0,0,,,,0
2G,1,10,0,0,,,,0,1,1,12540,0,1,12540,0,1,0,0,TEACHEN,AUS    EIN,,0
2H,1,19,0,0,,,,0,0,3,5,0,3,5,0,0,0,0,,#PosVar,I005,0
3A,1,6,10,0,P L C,KÜHLST,READY,0,0,1,22190,0,0,0,0,0,0,0,S P S,KÜHLST,READY,0
3B,1,6,6,0,P L C,KÜHLST,BUSY,0,0,1,22191,0,0,0,0,0,0,0,S P S,KÜHLST,BUSY,0
3C,1,6,16,0,P L C,Part,transfer,0,0,1,22192,0,0,0,0,0,0,0,,Teil(e),übergeben,0
3D,1,6,2,0,P L C,KÜHLST,AREA FREE,0,0,1,22193,0,0,0,0,0,0,0,S P S,KÜHLST,PF,0
3E,0,0,0,0,,,,0,0,0,0,0,0,0,0,0,0,0,,,,0
3F,0,0,0,0,,,,0,0,0,0,0,0,0,0,0,0,0,,,,0
3G,0,0,0,0,,,,0,0,0,0,0,0,0,0,0,0,0,,,,0
3H,0,0,0,0,,,,0,0,0,0,0,0,0,0,0,0,0,,,,0
4A,0,0,0,0,,,,0,0,0,0,0,0,0,0,0,0,0,,,,0
4B,0,0,0,0,,,,0,0,0,0,0,0,0,0,0,0,0,,,,0
4C,0,0,0,0,,,,0,0,0,0,0,0,0,0,0,0,0,,,,0
4D,0,0,0,0,,,,0,0,0,0,0,0,0,0,0,0,0,,,,0
4E,0,0,0,0,,,,0,0,0,0,0,0,0,0,0,0,0,,,,0
4F,0,0,0,0,,,,0,0,0,0,0,0,0,0,0,0,0,,,,0
4G,0,0,0,0,,,,0,0,0,0,0,0,0,0,0,0,0,,,,0
4H,0,0,0,0,,,,0,0,0,0,0,0,0,0,0,0,0,,,,0
//IFPANEL 7
///NAME Prüfst,Prüfst
1A,1,6,10,0,R O B,PrüfstPi,READY,0,0,1,12020,0,0,0,0,0,0,0,R O B,PrüfstPi,READY,0
1B,1,6,6,0,R O B,PrüfstPi,BUSY,0,0,1,12021,0,0,0,0,0,0,0,R O B,PrüfstPi,BUSY,0
1C,1,6,16,0,R O B,Part,transfer,0,0,1,12022,0,0,0,0,0,0,0,,Teil(e),übergeben,0
1D,1,6,2,0,R O B,PrüfstPi,AREA FREE,0,0,1,12023,0,0,0,0,0,0,0,R O B,PrüfstPi,PF,0
1E,1,6,1,0,R O B,PrüfstPL,READY,0,0,1,12010,0,0,0,0,0,0,0,R O B,PrüfstPL,READY,0
1F,1,6,7,0,R O B,PrüfstPL,BUSY,0,0,1,12011,0,0,0,0,0,0,0,R O B,PrüfstPL,BUSY,0
1G,1,6,15,0,R O B,Part,transfer,0,0,1,12012,0,0,0,0,0,0,0,,Teil(e),übergeben,0
1H,1,6,3,0,R O B,PrüfstPL,AREA FREE,0,0,1,12013,0,0,0,0,0,0,0,R O B,PrüfstPL,PF,0
2A,1,6,5,0,R O B,Teil_1_Pi,transfer,0,0,1,12025,0,0,0,0,0,0,0,R O B,Teil_1_Pi,übergeben,0
2B,1,6,5,0,R O B,Teil_2_Pi,transfer,0,0,1,12026,0,0,0,0,0,0,0,R O B,Teil_2_Pi,übergeben,0
2C,0,0,0,0,,,,0,0,0,0,0,0,0,0,0,0,0,,,,0
2D,0,0,0,0,,,,0,0,0,0,0,0,0,0,0,0,0,,,,0
2E,1,6,5,0,R O B,Teil_1_PL,transfer,0,0,1,12015,0,0,0,0,0,0,0,R O B,Teil_1_PL,übergeben,0
2F,1,6,5,0,R O B,Teil_2_PL,transfer,0,0,1,12016,0,0,0,0,0,0,0,R O B,Teil_2_PL,übergeben,0
2G,1,10,0,0,,,,0,1,1,12546,0,1,12546,0,1,0,0,TEACHEN,AUS    EIN,,0
2H,1,19,0,0,,,,0,0,3,5,0,3,5,0,0,0,0,,#PosVar,I005,0
3A,1,6,10,0,P L C,PrüfstPi,READY,0,0,1,22210,0,0,0,0,0,0,0,S P S,PrüfstPi,READY,0
3B,1,6,6,0,P L C,PrüfstPi,BUSY,0,0,1,22211,0,0,0,0,0,0,0,S P S,PrüfstPi,BUSY,0
3C,1,6,16,0,P L C,Part,transfer,0,0,1,22212,0,0,0,0,0,0,0,,Teil(e),übergeben,0
3D,1,6,2,0,P L C,PrüfstPi,AREA FREE,0,0,1,22213,0,0,0,0,0,0,0,S P S,PrüfstPi,PF,0
3E,1,6,1,0,P L C,PrüfstPL,READY,0,0,1,22200,0,0,0,0,0,0,0,S P S,PrüfstPL,READY,0
3F,1,6,7,0,P L C,PrüfstPL,BUSY,0,0,1,22201,0,0,0,0,0,0,0,S P S,PrüfstPL,BUSY,0
3G,1,6,15,0,P L C,Part,transfer,0,0,1,22202,0,0,0,0,0,0,0,,Teil(e),übergeben,0
3H,1,6,3,0,P L C,PrüfstPL,AREA FREE,0,0,1,22203,0,0,0,0,0,0,0,S P S,PrüfstPL,PF,0
4A,1,6,5,0,P L C,Teil_1_Pi,transfer,0,0,1,22215,0,0,0,0,0,0,0,S P S,Teil_1_Pi,übergeben,0
4B,1,6,5,0,P L C,Teil_2_Pi,transfer,0,0,1,22216,0,0,0,0,0,0,0,S P S,Teil_2_Pi,übergeben,0
4C,0,0,0,0,,,,0,0,0,0,0,0,0,0,0,0,0,,,,0
4D,0,0,0,0,,,,0,0,0,0,0,0,0,0,0,0,0,,,,0
4E,1,6,5,0,P L C,Teil_1_PL,transfer,0,0,1,22205,0,0,0,0,0,0,0,S P S,Teil_1_PL,übergeben,0
4F,1,6,5,0,P L C,Teil_2_PL,transfer,0,0,1,22206,0,0,0,0,0,0,0,S P S,Teil_2_PL,übergeben,0
4G,0,0,0,0,,,,0,0,0,0,0,0,0,0,0,0,0,,,,0
4H,0,0,0,0,,,,0,0,0,0,0,0,0,0,0,0,0,,,,0
//IFPANEL 8
///NAME QS,QS
1A,1,6,10,0,R O B,QS,READY,0,0,1,12030,0,0,0,0,0,0,0,R O B,QS,READY,0
1B,1,6,6,0,R O B,QS,BUSY,0,0,1,12031,0,0,0,0,0,0,0,R O B,QS,BUSY,0
1C,1,6,16,0,R O B,Part,transfer,0,0,1,12032,0,0,0,0,0,0,0,,Teil(e),übergeben,0
1D,1,6,2,0,R O B,QS,AREA FREE,0,0,1,12033,0,0,0,0,0,0,0,R O B,QS,PF,0
1E,0,0,0,0,,,,0,0,0,0,0,0,0,0,0,0,0,,,,0
1F,0,0,0,0,,,,0,0,0,0,0,0,0,0,0,0,0,,,,0
1G,0,0,0,0,,,,0,0,0,0,0,0,0,0,0,0,0,,,,0
1H,0,0,0,0,,,,0,0,0,0,0,0,0,0,0,0,0,,,,0
2A,0,0,0,0,,,,0,0,0,0,0,0,0,0,0,0,0,,,,0
2B,0,0,0,0,,,,0,0,0,0,0,0,0,0,0,0,0,,,,0
2C,0,0,0,0,,,,0,0,0,0,0,0,0,0,0,0,0,,,,0
2D,0,0,0,0,,,,0,0,0,0,0,0,0,0,0,0,0,,,,0
2E,0,0,0,0,,,,0,0,0,0,0,0,0,0,0,0,0,,,,0
2F,0,0,0,0,,,,0,0,0,0,0,0,0,0,0,0,0,,,,0
2G,1,10,0,0,,,,0,1,1,12546,0,1,12546,0,1,0,0,TEACHEN,AUS    EIN,,0
2H,1,19,0,0,,,,0,0,3,5,0,3,5,0,0,0,0,,#PosVar,I005,0
3A,1,6,10,0,P L C,QS,READY,0,0,1,22220,0,0,0,0,0,0,0,S P S,QS,READY,0
3B,1,6,6,0,P L C,QS,BUSY,0,0,1,22221,0,0,0,0,0,0,0,S P S,QS,BUSY,0
3C,1,6,16,0,P L C,Part,transfer,0,0,1,22222,0,0,0,0,0,0,0,,Teil(e),übergeben,0
3D,1,6,2,0,P L C,QS,AREA FREE,0,0,1,22223,0,0,0,0,0,0,0,S P S,QS,PF,0
3E,0,0,0,0,,,,0,0,0,0,0,0,0,0,0,0,0,,,,0
3F,0,0,0,0,,,,0,0,0,0,0,0,0,0,0,0,0,,,,0
3G,0,0,0,0,,,,0,0,0,0,0,0,0,0,0,0,0,,,,0
3H,0,0,0,0,,,,0,0,0,0,0,0,0,0,0,0,0,,,,0
4A,0,0,0,0,,,,0,0,0,0,0,0,0,0,0,0,0,,,,0
4B,0,0,0,0,,,,0,0,0,0,0,0,0,0,0,0,0,,,,0
4C,0,0,0,0,,,,0,0,0,0,0,0,0,0,0,0,0,,,,0
4D,0,0,0,0,,,,0,0,0,0,0,0,0,0,0,0,0,,,,0
4E,0,0,0,0,,,,0,0,0,0,0,0,0,0,0,0,0,,,,0
4F,0,0,0,0,,,,0,0,0,0,0,0,0,0,0,0,0,,,,0
4G,0,0,0,0,,,,0,0,0,0,0,0,0,0,0,0,0,,,,0
4H,0,0,0,0,,,,0,0,0,0,0,0,0,0,0,0,0,,,,0
//IFPANEL 9
///NAME Buchse,Buchse
1A,1,6,10,0,R O B,BuchsePi,READY,0,0,1,12050,0,0,0,0,0,0,0,R O B,BuchsePi,READY,0
1B,1,6,6,0,R O B,BuchsePi,BUSY,0,0,1,12051,0,0,0,0,0,0,0,R O B,BuchsePi,BUSY,0
1C,1,6,16,0,R O B,Part,transfer,0,0,1,12052,0,0,0,0,0,0,0,,Teil(e),übergeben,0
1D,1,6,2,0,R O B,BuchsePi,AREA FREE,0,0,1,12053,0,0,0,0,0,0,0,R O B,BuchsePi,PF,0
1E,0,0,0,0,,,,0,0,0,0,0,0,0,0,0,0,0,,,,0
1F,0,0,0,0,,,,0,0,0,0,0,0,0,0,0,0,0,,,,0
1G,1,6,5,0,R O B,Teil_1,transfer,0,0,1,12055,0,0,0,0,0,0,0,R O B,Teil_1,übergeben,0
1H,1,6,5,0,R O B,Teil_2,transfer,0,0,1,12056,0,0,0,0,0,0,0,R O B,Teil_2,übergeben,0
2A,0,0,0,0,,,,0,0,0,0,0,0,0,0,0,0,0,,,,0
2B,0,0,0,0,,,,0,0,0,0,0,0,0,0,0,0,0,,,,0
2C,0,0,0,0,,,,0,0,0,0,0,0,0,0,0,0,0,,,,0
2D,0,0,0,0,,,,0,0,0,0,0,0,0,0,0,0,0,,,,0
2E,0,0,0,0,,,,0,0,0,0,0,0,0,0,0,0,0,,,,0
2F,0,0,0,0,,,,0,0,0,0,0,0,0,0,0,0,0,,,,0
2G,1,10,0,0,,,,0,1,1,12542,0,1,12542,0,1,0,0,TEACHEN,AUS    EIN,,0
2H,1,19,0,0,,,,0,0,3,5,0,3,5,0,0,0,0,,#PosVar,I005,0
3A,1,6,10,0,P L C,BuchsePi,READY,0,0,1,22240,0,0,0,0,0,0,0,S P S,BuchsePi,READY,0
3B,1,6,6,0,P L C,BuchsePi,BUSY,0,0,1,22241,0,0,0,0,0,0,0,S P S,BuchsePi,BUSY,0
3C,1,6,16,0,P L C,Part,transfer,0,0,1,22242,0,0,0,0,0,0,0,,Teil(e),übergeben,0
3D,1,6,2,0,P L C,BuchsePi,AREA FREE,0,0,1,22243,0,0,0,0,0,0,0,S P S,BuchsePi,PF,0
3E,0,0,0,0,,,,0,0,0,0,0,0,0,0,0,0,0,,,,0
3F,0,0,0,0,,,,0,0,0,0,0,0,0,0,0,0,0,,,,0
3G,1,6,5,0,P L C,Teil_1,transfer,0,0,1,22245,0,0,0,0,0,0,0,S P S,Teil_1,übergeben,0
3H,1,6,5,0,P L C,Teil_2,transfer,0,0,1,22246,0,0,0,0,0,0,0,S P S,Teil_2,übergeben,0
4A,0,0,0,0,,,,0,0,0,0,0,0,0,0,0,0,0,,,,0
4B,0,0,0,0,,,,0,0,0,0,0,0,0,0,0,0,0,,,,0
4C,0,0,0,0,,,,0,0,0,0,0,0,0,0,0,0,0,,,,0
4D,0,0,0,0,,,,0,0,0,0,0,0,0,0,0,0,0,,,,0
4E,0,0,0,0,,,,0,0,0,0,0,0,0,0,0,0,0,,,,0
4F,0,0,0,0,,,,0,0,0,0,0,0,0,0,0,0,0,,,,0
4G,0,0,0,0,,,,0,0,0,0,0,0,0,0,0,0,0,,,,0
4H,0,0,0,0,,,,0,0,0,0,0,0,0,0,0,0,0,,,,0
//IFPANEL 10
///NAME Stanze,Stanze
1A,1,6,10,0,R O B,StanzePi,READY,0,0,1,12040,0,0,0,0,0,0,0,R O B,StanzePi,READY,0
1B,1,6,6,0,R O B,StanzePi,BUSY,0,0,1,12041,0,0,0,0,0,0,0,R O B,StanzePi,BUSY,0
1C,1,6,16,0,R O B,Part,transfer,0,0,1,12042,0,0,0,0,0,0,0,,Teil(e),übergeben,0
1D,1,6,2,0,R O B,StanzePi,AREA FREE,0,0,1,12043,0,0,0,0,0,0,0,R O B,StanzePi,PF,0
1E,0,0,0,0,,,,0,0,0,0,0,0,0,0,0,0,0,,,,0
1F,0,0,0,0,,,,0,0,0,0,0,0,0,0,0,0,0,,,,0
1G,1,6,5,0,R O B,Teil_1,transfer,0,0,1,12045,0,0,0,0,0,0,0,R O B,Teil_1,übergeben,0
1H,1,6,5,0,R O B,Teil_2,transfer,0,0,1,12046,0,0,0,0,0,0,0,R O B,Teil_2,übergeben,0
2A,0,0,0,0,,,,0,0,0,0,0,0,0,0,0,0,0,,,,0
2B,0,0,0,0,,,,0,0,0,0,0,0,0,0,0,0,0,,,,0
2C,0,0,0,0,,,,0,0,0,0,0,0,0,0,0,0,0,,,,0
2D,0,0,0,0,,,,0,0,0,0,0,0,0,0,0,0,0,,,,0
2E,0,0,0,0,,,,0,0,0,0,0,0,0,0,0,0,0,,,,0
2F,0,0,0,0,,,,0,0,0,0,0,0,0,0,0,0,0,,,,0
2G,1,10,0,0,,,,0,1,1,12545,0,1,12545,0,1,0,0,TEACHEN,AUS    EIN,,0
2H,1,19,0,0,,,,0,0,3,5,0,3,5,0,0,0,0,,#PosVar,I005,0
3A,1,6,10,0,P L C,StanzePi,READY,0,0,1,22230,0,0,0,0,0,0,0,S P S,StanzePi,READY,0
3B,1,6,6,0,P L C,StanzePi,BUSY,0,0,1,22231,0,0,0,0,0,0,0,S P S,StanzePi,BUSY,0
3C,1,6,16,0,P L C,Part,transfer,0,0,1,22232,0,0,0,0,0,0,0,,Teil(e),übergeben,0
3D,1,6,2,0,P L C,StanzePi,AREA FREE,0,0,1,22233,0,0,0,0,0,0,0,S P S,StanzePi,PF,0
3E,0,0,0,0,,,,0,0,0,0,0,0,0,0,0,0,0,,,,0
3F,0,0,0,0,,,,0,0,0,0,0,0,0,0,0,0,0,,,,0
3G,1,6,5,0,P L C,Teil_1,transfer,0,0,1,22235,0,0,0,0,0,0,0,S P S,Teil_1,übergeben,0
3H,1,6,5,0,P L C,Teil_2,transfer,0,0,1,22236,0,0,0,0,0,0,0,S P S,Teil_2,übergeben,0
4A,0,0,0,0,,,,0,0,0,0,0,0,0,0,0,0,0,,,,0
4B,0,0,0,0,,,,0,0,0,0,0,0,0,0,0,0,0,,,,0
4C,0,0,0,0,,,,0,0,0,0,0,0,0,0,0,0,0,,,,0
4D,0,0,0,0,,,,0,0,0,0,0,0,0,0,0,0,0,,,,0
4E,0,0,0,0,,,,0,0,0,0,0,0,0,0,0,0,0,,,,0
4F,0,0,0,0,,,,0,0,0,0,0,0,0,0,0,0,0,,,,0
4G,0,0,0,0,,,,0,0,0,0,0,0,0,0,0,0,0,,,,0
4H,0,0,0,0,,,,0,0,0,0,0,0,0,0,0,0,0,,,,0
//IFPANEL 11
///NAME Sonstiges,Sonstiges
1A,0,0,0,0,,,,0,0,0,0,0,0,0,0,0,0,0,,,,0
1B,0,0,0,0,,,,0,0,0,0,0,0,0,0,0,0,0,,,,0
1C,0,0,0,0,,,,0,0,0,0,0,0,0,0,0,0,0,,,,0
1D,0,0,0,0,,,,0,0,0,0,0,0,0,0,0,0,0,,,,0
1E,0,0,0,0,,,,0,0,0,0,0,0,0,0,0,0,0,,,,0
1F,0,0,0,0,,,,0,0,0,0,0,0,0,0,0,0,0,,,,0
1G,0,0,0,0,,,,0,0,0,0,0,0,0,0,0,0,0,,,,0
1H,0,0,0,0,,,,0,0,0,0,0,0,0,0,0,0,0,,,,0
2A,0,0,0,0,,,,0,0,0,0,0,0,0,0,0,0,0,,,,0
2B,0,0,0,0,,,,0,0,0,0,0,0,0,0,0,0,0,,,,0
2C,0,0,0,0,,,,0,0,0,0,0,0,0,0,0,0,0,,,,0
2D,0,0,0,0,,,,0,0,0,0,0,0,0,0,0,0,0,,,,0
2E,0,0,0,0,,,,0,0,0,0,0,0,0,0,0,0,0,,,,0
2F,0,0,0,0,,,,0,0,0,0,0,0,0,0,0,0,0,,,,0
2G,0,0,0,0,,,,0,0,0,0,0,0,0,0,0,0,0,,,,0
2H,0,0,0,0,,,,0,0,0,0,0,0,0,0,0,0,0,,,,0
3A,1,6,11,0,P L C,Temperatur,NIO,0,0,1,22281,0,0,0,0,0,0,0,S P S,Temperatur,NIO,0
3B,0,0,0,0,,,,0,0,0,0,0,0,0,0,0,0,0,,,,0
3C,0,0,0,0,,,,0,0,0,0,0,0,0,0,0,0,0,,,,0
3D,0,0,0,0,,,,0,0,0,0,0,0,0,0,0,0,0,,,,0
3E,0,0,0,0,,,,0,0,0,0,0,0,0,0,0,0,0,,,,0
3F,0,0,0,0,,,,0,0,0,0,0,0,0,0,0,0,0,,,,0
3G,0,0,0,0,,,,0,0,0,0,0,0,0,0,0,0,0,,,,0
3H,0,0,0,0,,,,0,0,0,0,0,0,0,0,0,0,0,,,,0
4A,0,0,0,0,,,,0,0,0,0,0,0,0,0,0,0,0,,,,0
4B,0,0,0,0,,,,0,0,0,0,0,0,0,0,0,0,0,,,,0
4C,0,0,0,0,,,,0,0,0,0,0,0,0,0,0,0,0,,,,0
4D,0,0,0,0,,,,0,0,0,0,0,0,0,0,0,0,0,,,,0
4E,0,0,0,0,,,,0,0,0,0,0,0,0,0,0,0,0,,,,0
4F,0,0,0,0,,,,0,0,0,0,0,0,0,0,0,0,0,,,,0
4G,0,0,0,0,,,,0,0,0,0,0,0,0,0,0,0,0,,,,0
4H,0,0,0,0,,,,0,0,0,0,0,0,0,0,0,0,0,,,,0
//IFPANEL 12
///NAME SGM,SGM
1A,1,6,10,0,R O B,SGM_WZG_ZU,CIO,0,0,1,11950,0,0,0,0,0,0,0,R O B,SGM_WZG_ZU,CIO,0
1B,1,6,10,0,R O B,SGM_ohne_H,CIO,0,0,1,11951,0,0,0,0,0,0,0,R O B,SGM_ohne_H,CIO,0
1C,1,6,10,0,R O B,SGM_FG_AWH,,0,0,1,11952,0,0,0,0,0,0,0,R O B,SGM_FG_AWH,,0
1D,1,6,10,0,R O B,SGM_FG_AWH,,0,0,1,11953,0,0,0,0,0,0,0,R O B,SGM_FG_AWH,,0
1E,1,6,10,0,R O B,SGM_FG_Ker,,0,0,1,11954,0,0,0,0,0,0,0,R O B,SGM_FG_Ker,,0
1F,1,6,10,0,R O B,SGM_FG_Ker,,0,0,1,11955,0,0,0,0,0,0,0,R O B,SGM_FG_Ker,,0
1G,1,6,10,0,R O B,SGM_FG_Ker,,0,0,1,11956,0,0,0,0,0,0,0,R O B,SGM_FG_Ker,,0
1H,1,6,10,0,R O B,SGM_FG_Ker,,0,0,1,11957,0,0,0,0,0,0,0,R O B,SGM_FG_Ker,,0
2A,1,6,10,0,R O B,SGM_FG_Wzg,,0,0,1,11960,0,0,0,0,0,0,0,R O B,SGM_FG_Wzg,,0
2B,0,0,0,0,,,,0,0,0,0,0,0,0,0,0,0,0,,,,0
2C,0,0,0,0,,,,0,0,0,0,0,0,0,0,0,0,0,,,,0
2D,0,0,0,0,,,,0,0,0,0,0,0,0,0,0,0,0,,,,0
2E,0,0,0,0,,,,0,0,0,0,0,0,0,0,0,0,0,,,,0
2F,0,0,0,0,,,,0,0,0,0,0,0,0,0,0,0,0,,,,0
2G,1,10,0,0,,,,0,1,1,12543,0,1,12543,0,1,0,0,SGM TEACH,AUS    EIN,,0
2H,1,19,0,0,,,,0,0,3,5,0,3,5,0,0,0,0,,#PosVar,I005,0
3A,1,6,6,0,P L C,SGM_WZG_OF,,0,0,1,1950,0,0,0,0,0,0,0,S P S,SGM_WZG_OF,,0
3B,1,6,6,0,P L C,SGM_AWH_zu,,0,0,1,1951,0,0,0,0,0,0,0,S P S,SGM_AWH_zu,,0
3C,1,6,6,0,P L C,SGM_AWH_vo,,0,0,1,1952,0,0,0,0,0,0,0,S P S,SGM_AWH_vo,,0
3D,1,6,6,0,P L C,SGM_Kern1_,,0,0,1,1953,0,0,0,0,0,0,0,S P S,SGM_Kern1_,,0
3E,1,6,6,0,P L C,SGM_Kern1_,,0,0,1,1954,0,0,0,0,0,0,0,S P S,SGM_Kern1_,,0
3F,1,6,6,0,P L C,SGM_NIO,,0,0,1,1955,0,0,0,0,0,0,0,S P S,SGM_NIO,,0
3G,1,6,6,0,P L C,SGM_Automa,,0,0,1,1956,0,0,0,0,0,0,0,S P S,SGM_Automa,,0
3H,1,6,6,0,P L C,SGM_WZG_ZU,,0,0,1,1957,0,0,0,0,0,0,0,S P S,SGM_WZG_ZU,,0
4A,1,6,6,0,P L C,SGM_Kern2_,,0,0,1,1960,0,0,0,0,0,0,0,S P S,SGM_Kern2_,,0
4B,1,6,6,0,P L C,SGM_Kern2_,,0,0,1,1961,0,0,0,0,0,0,0,S P S,SGM_Kern2_,,0
4C,1,6,6,0,P L C,SGM_halb-o,,0,0,1,1962,0,0,0,0,0,0,0,S P S,SGM_halb-o,,0
4D,1,6,6,0,P L C,Maschi_LiG,,0,0,1,1965,0,0,0,0,0,0,0,S P S,Maschi_LiG,,0
4E,0,0,0,0,,,,0,0,0,0,0,0,0,0,0,0,0,,,,0
4F,0,0,0,0,,,,0,0,0,0,0,0,0,0,0,0,0,,,,0
4G,0,0,0,0,,,,0,0,0,0,0,0,0,0,0,0,0,,,,0
4H,0,0,0,0,,,,0,0,0,0,0,0,0,0,0,0,0,,,,0
//IFPANEL 13
///NAME Panel 13,Panel 13
1A,0,0,0,0,,,,0,0,0,0,0,0,0,0,0,0,0,,,,0
1B,0,0,0,0,,,,0,0,0,0,0,0,0,0,0,0,0,,,,0
1C,0,0,0,0,,,,0,0,0,0,0,0,0,0,0,0,0,,,,0
1D,0,0,0,0,,,,0,0,0,0,0,0,0,0,0,0,0,,,,0
1E,0,0,0,0,,,,0,0,0,0,0,0,0,0,0,0,0,,,,0
1F,0,0,0,0,,,,0,0,0,0,0,0,0,0,0,0,0,,,,0
1G,0,0,0,0,,,,0,0,0,0,0,0,0,0,0,0,0,,,,0
1H,0,0,0,0,,,,0,0,0,0,0,0,0,0,0,0,0,,,,0
2A,0,0,0,0,,,,0,0,0,0,0,0,0,0,0,0,0,,,,0
2B,0,0,0,0,,,,0,0,0,0,0,0,0,0,0,0,0,,,,0
2C,0,0,0,0,,,,0,0,0,0,0,0,0,0,0,0,0,,,,0
2D,0,0,0,0,,,,0,0,0,0,0,0,0,0,0,0,0,,,,0
2E,0,0,0,0,,,,0,0,0,0,0,0,0,0,0,0,0,,,,0
2F,0,0,0,0,,,,0,0,0,0,0,0,0,0,0,0,0,,,,0
2G,0,0,0,0,,,,0,0,0,0,0,0,0,0,0,0,0,,,,0
2H,0,0,0,0,,,,0,0,0,0,0,0,0,0,0,0,0,,,,0
3A,0,0,0,0,,,,0,0,0,0,0,0,0,0,0,0,0,,,,0
3B,0,0,0,0,,,,0,0,0,0,0,0,0,0,0,0,0,,,,0
3C,0,0,0,0,,,,0,0,0,0,0,0,0,0,0,0,0,,,,0
3D,0,0,0,0,,,,0,0,0,0,0,0,0,0,0,0,0,,,,0
3E,0,0,0,0,,,,0,0,0,0,0,0,0,0,0,0,0,,,,0
3F,0,0,0,0,,,,0,0,0,0,0,0,0,0,0,0,0,,,,0
3G,0,0,0,0,,,,0,0,0,0,0,0,0,0,0,0,0,,,,0
3H,0,0,0,0,,,,0,0,0,0,0,0,0,0,0,0,0,,,,0
4A,0,0,0,0,,,,0,0,0,0,0,0,0,0,0,0,0,,,,0
4B,0,0,0,0,,,,0,0,0,0,0,0,0,0,0,0,0,,,,0
4C,0,0,0,0,,,,0,0,0,0,0,0,0,0,0,0,0,,,,0
4D,0,0,0,0,,,,0,0,0,0,0,0,0,0,0,0,0,,,,0
4E,0,0,0,0,,,,0,0,0,0,0,0,0,0,0,0,0,,,,0
4F,0,0,0,0,,,,0,0,0,0,0,0,0,0,0,0,0,,,,0
4G,0,0,0,0,,,,0,0,0,0,0,0,0,0,0,0,0,,,,0
4H,0,0,0,0,,,,0,0,0,0,0,0,0,0,0,0,0,,,,0
//IFPANEL 14
///NAME Panel 14,Panel 14
1A,0,0,0,0,,,,0,0,0,0,0,0,0,0,0,0,0,,,,0
1B,0,0,0,0,,,,0,0,0,0,0,0,0,0,0,0,0,,,,0
1C,0,0,0,0,,,,0,0,0,0,0,0,0,0,0,0,0,,,,0
1D,0,0,0,0,,,,0,0,0,0,0,0,0,0,0,0,0,,,,0
1E,0,0,0,0,,,,0,0,0,0,0,0,0,0,0,0,0,,,,0
1F,0,0,0,0,,,,0,0,0,0,0,0,0,0,0,0,0,,,,0
1G,0,0,0,0,,,,0,0,0,0,0,0,0,0,0,0,0,,,,0
1H,0,0,0,0,,,,0,0,0,0,0,0,0,0,0,0,0,,,,0
2A,0,0,0,0,,,,0,0,0,0,0,0,0,0,0,0,0,,,,0
2B,0,0,0,0,,,,0,0,0,0,0,0,0,0,0,0,0,,,,0
2C,0,0,0,0,,,,0,0,0,0,0,0,0,0,0,0,0,,,,0
2D,0,0,0,0,,,,0,0,0,0,0,0,0,0,0,0,0,,,,0
2E,0,0,0,0,,,,0,0,0,0,0,0,0,0,0,0,0,,,,0
2F,0,0,0,0,,,,0,0,0,0,0,0,0,0,0,0,0,,,,0
2G,0,0,0,0,,,,0,0,0,0,0,0,0,0,0,0,0,,,,0
2H,0,0,0,0,,,,0,0,0,0,0,0,0,0,0,0,0,,,,0
3A,0,0,0,0,,,,0,0,0,0,0,0,0,0,0,0,0,,,,0
3B,0,0,0,0,,,,0,0,0,0,0,0,0,0,0,0,0,,,,0
3C,0,0,0,0,,,,0,0,0,0,0,0,0,0,0,0,0,,,,0
3D,0,0,0,0,,,,0,0,0,0,0,0,0,0,0,0,0,,,,0
3E,0,0,0,0,,,,0,0,0,0,0,0,0,0,0,0,0,,,,0
3F,0,0,0,0,,,,0,0,0,0,0,0,0,0,0,0,0,,,,0
3G,0,0,0,0,,,,0,0,0,0,0,0,0,0,0,0,0,,,,0
3H,0,0,0,0,,,,0,0,0,0,0,0,0,0,0,0,0,,,,0
4A,0,0,0,0,,,,0,0,0,0,0,0,0,0,0,0,0,,,,0
4B,0,0,0,0,,,,0,0,0,0,0,0,0,0,0,0,0,,,,0
4C,0,0,0,0,,,,0,0,0,0,0,0,0,0,0,0,0,,,,0
4D,0,0,0,0,,,,0,0,0,0,0,0,0,0,0,0,0,,,,0
4E,0,0,0,0,,,,0,0,0,0,0,0,0,0,0,0,0,,,,0
4F,0,0,0,0,,,,0,0,0,0,0,0,0,0,0,0,0,,,,0
4G,0,0,0,0,,,,0,0,0,0,0,0,0,0,0,0,0,,,,0
4H,0,0,0,0,,,,0,0,0,0,0,0,0,0,0,0,0,,,,0
//IFPANEL 15
///NAME Panel 15,Panel 15
1A,0,0,0,0,,,,0,0,0,0,0,0,0,0,0,0,0,,,,0
1B,0,0,0,0,,,,0,0,0,0,0,0,0,0,0,0,0,,,,0
1C,0,0,0,0,,,,0,0,0,0,0,0,0,0,0,0,0,,,,0
1D,0,0,0,0,,,,0,0,0,0,0,0,0,0,0,0,0,,,,0
1E,0,0,0,0,,,,0,0,0,0,0,0,0,0,0,0,0,,,,0
1F,0,0,0,0,,,,0,0,0,0,0,0,0,0,0,0,0,,,,0
1G,0,0,0,0,,,,0,0,0,0,0,0,0,0,0,0,0,,,,0
1H,1,2,0,0,,,,0,0,0,0,0,0,0,0,0,0,0,,,,0
2A,0,0,0,0,,,,0,0,0,0,0,0,0,0,0,0,0,,,,0
2B,0,0,0,0,,,,0,0,0,0,0,0,0,0,0,0,0,,,,0
2C,0,0,0,0,,,,0,0,0,0,0,0,0,0,0,0,0,,,,0
2D,0,0,0,0,,,,0,0,0,0,0,0,0,0,0,0,0,,,,0
2E,0,0,0,0,,,,0,0,0,0,0,0,0,0,0,0,0,,,,0
2F,0,0,0,0,,,,0,0,0,0,0,0,0,0,0,0,0,,,,0
2G,0,0,0,0,,,,0,0,0,0,0,0,0,0,0,0,0,,,,0
2H,1,8,0,0,test,,,0,0,0,0,0,0,0,0,0,0,0,,,,0
3A,0,0,0,0,,,,0,0,0,0,0,0,0,0,0,0,0,,,,0
3B,0,0,0,0,,,,0,0,0,0,0,0,0,0,0,0,0,,,,0
3C,0,0,0,0,,,,0,0,0,0,0,0,0,0,0,0,0,,,,0
3D,0,0,0,0,,,,0,0,0,0,0,0,0,0,0,0,0,,,,0
3E,0,0,0,0,,,,0,0,0,0,0,0,0,0,0,0,0,,,,0
3F,0,0,0,0,,,,0,0,0,0,0,0,0,0,0,0,0,,,,0
3G,0,0,0,0,,,,0,0,0,0,0,0,0,0,0,0,0,,,,0
3H,0,0,0,0,,,,0,0,0,0,0,0,0,0,0,0,0,,,,0
4A,0,0,0,0,,,,0,0,0,0,0,0,0,0,0,0,0,,,,0
4B,0,0,0,0,,,,0,0,0,0,0,0,0,0,0,0,0,,,,0
4C,0,0,0,0,,,,0,0,0,0,0,0,0,0,0,0,0,,,,0
4D,0,0,0,0,,,,0,0,0,0,0,0,0,0,0,0,0,,,,0
4E,0,0,0,0,,,,0,0,0,0,0,0,0,0,0,0,0,,,,0
4F,0,0,0,0,,,,0,0,0,0,0,0,0,0,0,0,0,,,,0
4G,0,0,0,0,,,,0,0,0,0,0,0,0,0,0,0,0,,,,0
4H,0,0,0,0,,,,0,0,0,0,0,0,0,0,0,0,0,,,,0
